# Created on : 29-06-2021
# Course work: 
# @author: Harsha Vardhan
# Source:

#Booleans

10 > 9
10 == 9
10 < 9

a <- 10
b <- 9
a > b
